$ 3 0.000005 10.20027730826997 50 5 43
r 384 48 384 128 0 220
v 80 176 80 16 0 0 40 5 0 0 0.5
162 272 176 208 176 2 default-led 1 0 0 0.01
w 176 16 80 16 0
w 384 48 384 16 0
w 288 16 384 16 0
w 80 176 112 176 0
w 176 176 208 176 0
w 272 176 384 176 0
w 384 176 384 128 0
s 208 32 256 32 0 1 false
p 384 16 448 16 1 0
p 384 176 448 176 1 0
370 176 176 112 176 1 0
w 208 16 208 32 0
w 208 16 176 16 0
w 208 32 208 48 0
w 208 48 176 48 0
w 256 32 256 16 0
w 256 16 288 16 0
w 256 32 256 48 0
w 256 48 288 48 0
